rabat 1 33.996711 -6.827299
casa 2 33.502111 -7.590878
mekens 3 33.854094 -5.507579
fes 4 33.963508 -4.913921
taza 5 34.191003 -4.023434
taourirt 6 34.408822 -2.880093
wajda 7 34.603471 -1.967619
brkan 8 34.902651 -2.324209
nadoure 9 35.118610 -2.928861
melilia 10 35.260023 -2.928861
hociama 11 35.206180 -3.921039
chefchaouen 12 35.109623 -5.287702
tetouan 13 35.548813 -5.359161
fnideq 14 35.834341 -5.359161
tanger 15 35.764814 -5.796627
assila 16 35.439240 -6.028784
larache 17 35.147810 -6.157960
azrou 18 33.409484 -5.207008
ifran 19 33.537782 -5.141046
settat 20 32.981992 -7.595381  